22
1
7 0 1
0 1 1 1 0 1 0
1 0 1 1 0 0 0
1 1 0 1 1 1 0
1 1 1 0 0 0 1
0 0 1 0 0 0 1
1 0 1 0 0 0 0
0 0 0 1 1 0 0
1
6 0 1
0 1 1 1 0 0
1 0 1 0 1 0
1 1 0 0 0 1
1 0 0 0 1 0
0 1 0 1 0 1
0 0 1 0 1 0
1
5 1 1
0 1 1 0 0
0 0 0 0 0 
0 0 0 0 0
0 0 1 0 1
0 0 0 1 0
2
7 1 1
0 1 0 1 1 0 0
0 0 1 1 0 0 0
0 0 0 0 0 0 0
1 0 1 0 1 0 0
0 0 0 0 0 0 0
0 0 0 0 0 0 1
0 0 0 1 0 0 0
2
7 1 1
0 1 0 0 0 0 1
0 0 1 0 0 0 0
1 0 0 1 0 1 0
0 0 0 0 1 1 0
0 0 0 0 0 0 0
0 0 0 0 0 0 0
0 0 1 0 0 0 0 
2
6 0 1
0 1 0 0 0 1
1 0 1 0 1 0
0 1 0 1 0 0
0 0 1 0 1 0
0 1 0 1 0 0
1 0 0 0 0 0
3 
12
0 1 0 0 0 0 0 0 0 0 0 0
0 0 1 1 1 0 0 0 0 0 0 0
0 0 0 0 0 1 0 0 0 0 0 0
0 0 0 0 0 0 0 0 0 0 0 0
0 1 0 0 0 1 1 0 0 0 0 0
0 0 1 0 0 0 0 1 0 0 0 0
0 0 0 0 0 0 0 1 0 1 0 0
0 0 0 0 0 0 0 0 0 0 1 0
0 0 0 0 0 0 1 0 0 0 0 0
0 0 0 0 0 0 0 0 1 0 0 0
0 0 0 0 0 0 0 0 0 0 0 1
0 0 0 0 0 0 0 0 0 1 0 0
3
10
0 1 0 0 0 1 0 0 0 0
0 0 0 0 0 0 0 1 0 0
0 0 0 0 0 0 0 0 0 0
0 0 1 0 1 0 0 1 1 0
0 0 0 0 0 0 0 0 1 0
0 0 0 0 0 0 0 0 0 0
1 1 1 0 0 0 0 0 0 0
0 0 0 0 0 0 0 0 0 0
0 0 1 0 0 0 0 0 0 0
0 0 0 0 1 0 0 0 0 0
3 
10
0 1 0 1 0 0 0 0 0 0
0 0 0 0 1 0 0 0 0 0
0 0 0 0 0 1 0 0 0 0
0 0 0 0 1 1 0 0 0 0
0 0 0 0 0 0 1 1 0 0
0 0 0 0 0 0 1 0 1 0
0 0 0 0 0 0 0 0 1 1
0 0 0 0 0 0 0 0 0 1
0 0 0 0 0 0 0 0 0 0
0 0 0 0 0 0 0 0 0 0
4
5 1 1
0 4 2 999999 999999
999999 0 3 2 3
999999 1 0 4 5
999999 999999 999999 0 999999
999999 999999 999999 1 0
4
5 0 1
0 4 999999 8 999999
4 0 3 999999 999999
999999 3 0 4 999999
8 999999 4 0 7
999999 999999 999999 7 0
4
5 0 1
0 4 999999 8 999999
4 0 3 999999 999999
999999 3 0 -4 999999
8 999999 -4 0 7
999999 999999 999999 7 0
5
6 1 1
999999 10 999999 999999 999999 8
999999 999999 999999 2 999999 999999
999999 1 999999 999999 999999 999999
999999 999999 -2 999999 999999 999999
999999 -4 999999 -1 999999 999999
999999 999999 999999 999999 1 999999
5
6 1 1
999999 2 9 999999 999999 999999
999999 999999 999999 3 -8 999999
999999 999999 999999 999999 6 999999
999999 3 999999 999999 999999 5
999999 999999 999999 2 999999  12
999999 999999 999999 999999 999999 999999
5
5 1 1
999999 6 999999 7 999999
999999 999999 5 8 -4
999999 -2 999999 999999 999999
999999 999999 -3 999999 9
2 999999 7 999999 999999
6
4 1
0 3 6 15
999999 0 -2 999999
999999 999999 0 2
1 999999 999999 0
6
5 1
0 3 8 999999 -4
999999 0 999999 1 7
999999 4 0 999999 999999
2 999999 -5 0 999999
999999 999999 999999 6 0
6
8 1
0 4 4 999999 999999 999999 999999 999999
999999 0 999999 999999 999999 999999 999999 999999
999999 999999 0 999999 4 -2 999999 999999
3 999999 2 0 999999 999999 999999 999999
999999 999999 999999 1 0 999999 -2 999999
999999 3 999999 999999 -3 0 999999 999999
999999 999999 999999 999999 999999 2 0 2
999999 999999 999999 999999 -2 999999 999999 0
6
4 0
0 3 6 15
3 0 -2 999999
6 -2 0 999999
15 999999 999999 0
6
4 0
0 3 6 1
3 0 2 999999
6 2 0 999999
1 999999 999999 0
5
5 0 2
999999 999999 2 999999 999999 
999999 999999 999999 2 999999 
-7 999999 999999 999999 999999 
999999 999999 999999 999999 1
999999 3 999999 999999 999999 